(kicad_pcb (version 3) (host pcbnew "(2013-jul-07)-stable")

  (general
    (links 112)
    (no_connects 85)
    (area 22.133559 25.626059 238.787941 119.217441)
    (thickness 1.6002)
    (drawings 0)
    (tracks 69)
    (zones 0)
    (modules 41)
    (nets 40)
  )

  (page A4)
  (layers
    (15 Front signal)
    (0 Back signal)
    (16 B.Adhes user)
    (17 F.Adhes user)
    (18 B.Paste user)
    (19 F.Paste user)
    (20 B.SilkS user)
    (21 F.SilkS user)
    (22 B.Mask user)
    (23 F.Mask user)
    (24 Dwgs.User user)
    (25 Cmts.User user)
    (26 Eco1.User user)
    (27 Eco2.User user)
    (28 Edge.Cuts user)
  )

  (setup
    (last_trace_width 0.40386)
    (trace_clearance 0.15494)
    (zone_clearance 0.508)
    (zone_45_only no)
    (trace_min 0.2032)
    (segment_width 0.381)
    (edge_width 0.381)
    (via_size 1.48844)
    (via_drill 0.635)
    (via_min_size 0.889)
    (via_min_drill 0.508)
    (uvia_size 0.508)
    (uvia_drill 0.127)
    (uvias_allowed no)
    (uvia_min_size 0.508)
    (uvia_min_drill 0.127)
    (pcb_text_width 0.3048)
    (pcb_text_size 1.524 2.032)
    (mod_edge_width 0.381)
    (mod_text_size 1.524 1.524)
    (mod_text_width 0.3048)
    (pad_size 3.64998 3.64998)
    (pad_drill 3.2512)
    (pad_to_mask_clearance 0.254)
    (aux_axis_origin 0 0)
    (visible_elements FFFFFBBF)
    (pcbplotparams
      (layerselection 3178497)
      (usegerberextensions true)
      (excludeedgelayer true)
      (linewidth 0.150000)
      (plotframeref false)
      (viasonmask false)
      (mode 1)
      (useauxorigin false)
      (hpglpennumber 1)
      (hpglpenspeed 20)
      (hpglpendiameter 15)
      (hpglpenoverlay 0)
      (psnegative false)
      (psa4output false)
      (plotreference true)
      (plotvalue true)
      (plotothertext true)
      (plotinvisibletext false)
      (padsonsilk false)
      (subtractmaskfromsilk false)
      (outputformat 1)
      (mirror false)
      (drillshape 1)
      (scaleselection 1)
      (outputdirectory ""))
  )

  (net 0 "")
  (net 1 +3.3V)
  (net 2 GND)
  (net 3 N-000001)
  (net 4 N-0000010)
  (net 5 N-0000011)
  (net 6 N-0000012)
  (net 7 N-0000013)
  (net 8 N-000002)
  (net 9 N-0000027)
  (net 10 N-0000028)
  (net 11 N-000003)
  (net 12 N-0000031)
  (net 13 N-0000032)
  (net 14 N-0000033)
  (net 15 N-0000034)
  (net 16 N-0000035)
  (net 17 N-0000036)
  (net 18 N-0000037)
  (net 19 N-0000038)
  (net 20 N-0000039)
  (net 21 N-000004)
  (net 22 N-0000040)
  (net 23 N-0000041)
  (net 24 N-0000042)
  (net 25 N-0000045)
  (net 26 N-0000046)
  (net 27 N-0000047)
  (net 28 N-0000048)
  (net 29 N-0000049)
  (net 30 N-000005)
  (net 31 N-0000050)
  (net 32 N-0000052)
  (net 33 N-0000053)
  (net 34 N-0000059)
  (net 35 N-000006)
  (net 36 N-0000060)
  (net 37 N-000007)
  (net 38 N-000008)
  (net 39 N-000009)

  (net_class Default "Это класс цепей по умолчанию."
    (clearance 0.15494)
    (trace_width 0.40386)
    (via_dia 1.48844)
    (via_drill 0.635)
    (uvia_dia 0.508)
    (uvia_drill 0.127)
    (add_net "")
    (add_net +3.3V)
    (add_net GND)
    (add_net N-000001)
    (add_net N-0000010)
    (add_net N-0000011)
    (add_net N-0000012)
    (add_net N-0000013)
    (add_net N-000002)
    (add_net N-0000027)
    (add_net N-0000028)
    (add_net N-000003)
    (add_net N-0000031)
    (add_net N-0000032)
    (add_net N-0000033)
    (add_net N-0000034)
    (add_net N-0000035)
    (add_net N-0000036)
    (add_net N-0000037)
    (add_net N-0000038)
    (add_net N-0000039)
    (add_net N-000004)
    (add_net N-0000040)
    (add_net N-0000041)
    (add_net N-0000042)
    (add_net N-0000045)
    (add_net N-0000046)
    (add_net N-0000047)
    (add_net N-0000048)
    (add_net N-0000049)
    (add_net N-000005)
    (add_net N-0000050)
    (add_net N-0000052)
    (add_net N-0000053)
    (add_net N-0000059)
    (add_net N-000006)
    (add_net N-0000060)
    (add_net N-000007)
    (add_net N-000008)
    (add_net N-000009)
  )

  (module USB_B (layer Front) (tedit 48A935FA) (tstamp 534846BA)
    (at 228.2825 54.737 90)
    (tags USB)
    (path /527E212A)
    (fp_text reference J1 (at 0 6.35 90) (layer F.SilkS)
      (effects (font (size 1.524 1.524) (thickness 0.3048)))
    )
    (fp_text value USB_1 (at 0 0 90) (layer F.SilkS)
      (effects (font (size 1.524 1.524) (thickness 0.3048)))
    )
    (fp_line (start -6.096 10.287) (end 6.096 10.287) (layer F.SilkS) (width 0.127))
    (fp_line (start 6.096 10.287) (end 6.096 -6.731) (layer F.SilkS) (width 0.127))
    (fp_line (start 6.096 -6.731) (end -6.096 -6.731) (layer F.SilkS) (width 0.127))
    (fp_line (start -6.096 -6.731) (end -6.096 10.287) (layer F.SilkS) (width 0.127))
    (pad 1 thru_hole circle (at 1.27 -4.699 90) (size 1.524 1.524) (drill 0.8128)
      (layers *.Cu *.Mask F.SilkS)
      (net 8 N-000002)
    )
    (pad 2 thru_hole circle (at -1.27 -4.699 90) (size 1.524 1.524) (drill 0.8128)
      (layers *.Cu *.Mask F.SilkS)
    )
    (pad 3 thru_hole circle (at -1.27 -2.70002 90) (size 1.524 1.524) (drill 0.8128)
      (layers *.Cu *.Mask F.SilkS)
    )
    (pad 4 thru_hole circle (at 1.27 -2.70002 90) (size 1.524 1.524) (drill 0.8128)
      (layers *.Cu *.Mask F.SilkS)
      (net 2 GND)
    )
    (pad 5 np_thru_hole circle (at 5.99948 0 90) (size 2.70002 2.70002) (drill 2.30124)
      (layers *.Cu *.SilkS *.Mask)
    )
    (pad 6 thru_hole circle (at -5.99948 0 90) (size 2.70002 2.70002) (drill 2.30124)
      (layers *.Cu *.Mask F.SilkS)
    )
    (model connectors/USB_type_B.wrl
      (at (xyz 0 0 0.001))
      (scale (xyz 0.3937 0.3937 0.3937))
      (rotate (xyz 0 0 0))
    )
  )

  (module TQFP32 (layer Front) (tedit 43A670DA) (tstamp 534846F0)
    (at 165.1 48.1965)
    (path /53484181)
    (fp_text reference IC1 (at 0 -1.27) (layer F.SilkS)
      (effects (font (size 1.27 1.016) (thickness 0.2032)))
    )
    (fp_text value ATMEGA8A-A (at 0 1.905) (layer F.SilkS)
      (effects (font (size 1.27 1.016) (thickness 0.2032)))
    )
    (fp_line (start 5.0292 2.7686) (end 3.8862 2.7686) (layer F.SilkS) (width 0.1524))
    (fp_line (start 5.0292 -2.7686) (end 3.9116 -2.7686) (layer F.SilkS) (width 0.1524))
    (fp_line (start 5.0292 2.7686) (end 5.0292 -2.7686) (layer F.SilkS) (width 0.1524))
    (fp_line (start 2.794 3.9624) (end 2.794 5.0546) (layer F.SilkS) (width 0.1524))
    (fp_line (start -2.8194 3.9878) (end -2.8194 5.0546) (layer F.SilkS) (width 0.1524))
    (fp_line (start -2.8448 5.0546) (end 2.794 5.08) (layer F.SilkS) (width 0.1524))
    (fp_line (start -2.794 -5.0292) (end 2.7178 -5.0546) (layer F.SilkS) (width 0.1524))
    (fp_line (start -3.8862 -3.2766) (end -3.8862 3.9116) (layer F.SilkS) (width 0.1524))
    (fp_line (start 2.7432 -5.0292) (end 2.7432 -3.9878) (layer F.SilkS) (width 0.1524))
    (fp_line (start -3.2512 -3.8862) (end 3.81 -3.8862) (layer F.SilkS) (width 0.1524))
    (fp_line (start 3.8608 3.937) (end 3.8608 -3.7846) (layer F.SilkS) (width 0.1524))
    (fp_line (start -3.8862 3.937) (end 3.7338 3.937) (layer F.SilkS) (width 0.1524))
    (fp_line (start -5.0292 -2.8448) (end -5.0292 2.794) (layer F.SilkS) (width 0.1524))
    (fp_line (start -5.0292 2.794) (end -3.8862 2.794) (layer F.SilkS) (width 0.1524))
    (fp_line (start -3.87604 -3.302) (end -3.29184 -3.8862) (layer F.SilkS) (width 0.1524))
    (fp_line (start -5.02412 -2.8448) (end -3.87604 -2.8448) (layer F.SilkS) (width 0.1524))
    (fp_line (start -2.794 -3.8862) (end -2.794 -5.03428) (layer F.SilkS) (width 0.1524))
    (fp_circle (center -2.83972 -2.86004) (end -2.43332 -2.60604) (layer F.SilkS) (width 0.1524))
    (pad 8 smd rect (at -4.81584 2.77622) (size 1.99898 0.44958)
      (layers Front F.Paste F.Mask)
    )
    (pad 7 smd rect (at -4.81584 1.97612) (size 1.99898 0.44958)
      (layers Front F.Paste F.Mask)
    )
    (pad 6 smd rect (at -4.81584 1.17602) (size 1.99898 0.44958)
      (layers Front F.Paste F.Mask)
      (net 1 +3.3V)
    )
    (pad 5 smd rect (at -4.81584 0.37592) (size 1.99898 0.44958)
      (layers Front F.Paste F.Mask)
      (net 2 GND)
    )
    (pad 4 smd rect (at -4.81584 -0.42418) (size 1.99898 0.44958)
      (layers Front F.Paste F.Mask)
      (net 1 +3.3V)
    )
    (pad 3 smd rect (at -4.81584 -1.22428) (size 1.99898 0.44958)
      (layers Front F.Paste F.Mask)
      (net 2 GND)
    )
    (pad 2 smd rect (at -4.81584 -2.02438) (size 1.99898 0.44958)
      (layers Front F.Paste F.Mask)
    )
    (pad 1 smd rect (at -4.81584 -2.82448) (size 1.99898 0.44958)
      (layers Front F.Paste F.Mask)
    )
    (pad 24 smd rect (at 4.7498 -2.8194) (size 1.99898 0.44958)
      (layers Front F.Paste F.Mask)
    )
    (pad 17 smd rect (at 4.7498 2.794) (size 1.99898 0.44958)
      (layers Front F.Paste F.Mask)
      (net 12 N-0000031)
    )
    (pad 18 smd rect (at 4.7498 1.9812) (size 1.99898 0.44958)
      (layers Front F.Paste F.Mask)
      (net 1 +3.3V)
    )
    (pad 19 smd rect (at 4.7498 1.1684) (size 1.99898 0.44958)
      (layers Front F.Paste F.Mask)
      (net 27 N-0000047)
    )
    (pad 20 smd rect (at 4.7498 0.381) (size 1.99898 0.44958)
      (layers Front F.Paste F.Mask)
      (net 1 +3.3V)
    )
    (pad 21 smd rect (at 4.7498 -0.4318) (size 1.99898 0.44958)
      (layers Front F.Paste F.Mask)
      (net 2 GND)
    )
    (pad 22 smd rect (at 4.7498 -1.2192) (size 1.99898 0.44958)
      (layers Front F.Paste F.Mask)
      (net 24 N-0000042)
    )
    (pad 23 smd rect (at 4.7498 -2.032) (size 1.99898 0.44958)
      (layers Front F.Paste F.Mask)
    )
    (pad 32 smd rect (at -2.82448 -4.826) (size 0.44958 1.99898)
      (layers Front F.Paste F.Mask)
      (net 36 N-0000060)
    )
    (pad 31 smd rect (at -2.02692 -4.826) (size 0.44958 1.99898)
      (layers Front F.Paste F.Mask)
      (net 25 N-0000045)
    )
    (pad 30 smd rect (at -1.22428 -4.826) (size 0.44958 1.99898)
      (layers Front F.Paste F.Mask)
      (net 26 N-0000046)
    )
    (pad 29 smd rect (at -0.42672 -4.826) (size 0.44958 1.99898)
      (layers Front F.Paste F.Mask)
      (net 33 N-0000053)
    )
    (pad 28 smd rect (at 0.37592 -4.826) (size 0.44958 1.99898)
      (layers Front F.Paste F.Mask)
    )
    (pad 27 smd rect (at 1.17348 -4.826) (size 0.44958 1.99898)
      (layers Front F.Paste F.Mask)
    )
    (pad 26 smd rect (at 1.97612 -4.826) (size 0.44958 1.99898)
      (layers Front F.Paste F.Mask)
    )
    (pad 25 smd rect (at 2.77368 -4.826) (size 0.44958 1.99898)
      (layers Front F.Paste F.Mask)
    )
    (pad 9 smd rect (at -2.8194 4.7752) (size 0.44958 1.99898)
      (layers Front F.Paste F.Mask)
    )
    (pad 10 smd rect (at -2.032 4.7752) (size 0.44958 1.99898)
      (layers Front F.Paste F.Mask)
    )
    (pad 11 smd rect (at -1.2192 4.7752) (size 0.44958 1.99898)
      (layers Front F.Paste F.Mask)
    )
    (pad 12 smd rect (at -0.4318 4.7752) (size 0.44958 1.99898)
      (layers Front F.Paste F.Mask)
    )
    (pad 13 smd rect (at 0.3556 4.7752) (size 0.44958 1.99898)
      (layers Front F.Paste F.Mask)
    )
    (pad 14 smd rect (at 1.1684 4.7752) (size 0.44958 1.99898)
      (layers Front F.Paste F.Mask)
      (net 28 N-0000048)
    )
    (pad 15 smd rect (at 1.9812 4.7752) (size 0.44958 1.99898)
      (layers Front F.Paste F.Mask)
      (net 13 N-0000032)
    )
    (pad 16 smd rect (at 2.794 4.7752) (size 0.44958 1.99898)
      (layers Front F.Paste F.Mask)
      (net 29 N-0000049)
    )
    (model smd/tqfp32.wrl
      (at (xyz 0 0 0))
      (scale (xyz 1 1 1))
      (rotate (xyz 0 0 0))
    )
  )

  (module SO28 (layer Back) (tedit 428070DF) (tstamp 53484718)
    (at 199.5805 63.373 270)
    (descr "Module CMS SO 28 pins large")
    (tags "CMS SOJ SO SOIC")
    (path /52715C03)
    (attr smd)
    (fp_text reference U1 (at 0 1.26492 270) (layer B.SilkS)
      (effects (font (size 1.524 1.524) (thickness 0.1524)) (justify mirror))
    )
    (fp_text value ENC28J60 (at 0 -1.27 270) (layer B.SilkS)
      (effects (font (size 1.524 1.524) (thickness 0.1524)) (justify mirror))
    )
    (fp_line (start 8.89 2.54) (end 8.89 -3.81) (layer B.SilkS) (width 0.3048))
    (fp_line (start 8.89 -3.81) (end -8.89 -3.81) (layer B.SilkS) (width 0.3048))
    (fp_line (start -8.89 -3.81) (end -8.89 3.81) (layer B.SilkS) (width 0.3048))
    (fp_line (start -8.89 3.81) (end 8.89 3.81) (layer B.SilkS) (width 0.3048))
    (fp_line (start 8.89 3.81) (end 8.89 2.54) (layer B.SilkS) (width 0.3048))
    (fp_line (start -8.89 0.635) (end -7.62 0.635) (layer B.SilkS) (width 0.3048))
    (fp_line (start -7.62 0.635) (end -7.62 -0.635) (layer B.SilkS) (width 0.3048))
    (fp_line (start -7.62 -0.635) (end -8.89 -0.635) (layer B.SilkS) (width 0.3048))
    (pad 1 smd rect (at -8.255 -4.572 270) (size 0.508 1.27)
      (layers Back B.Paste B.Mask)
      (net 39 N-000009)
    )
    (pad 2 smd rect (at -6.985 -4.572 270) (size 0.508 1.27)
      (layers Back B.Paste B.Mask)
      (net 2 GND)
    )
    (pad 3 smd rect (at -5.715 -4.572 270) (size 0.508 1.27)
      (layers Back B.Paste B.Mask)
    )
    (pad 4 smd rect (at -4.445 -4.572 270) (size 0.508 1.27)
      (layers Back B.Paste B.Mask)
      (net 36 N-0000060)
    )
    (pad 5 smd rect (at -3.175 -4.572 270) (size 0.508 1.27)
      (layers Back B.Paste B.Mask)
    )
    (pad 6 smd rect (at -1.905 -4.572 270) (size 0.508 1.27)
      (layers Back B.Paste B.Mask)
      (net 29 N-0000049)
    )
    (pad 7 smd rect (at -0.635 -4.572 270) (size 0.508 1.27)
      (layers Back B.Paste B.Mask)
      (net 13 N-0000032)
    )
    (pad 8 smd rect (at 0.635 -4.572 270) (size 0.508 1.27)
      (layers Back B.Paste B.Mask)
      (net 12 N-0000031)
    )
    (pad 9 smd rect (at 1.905 -4.572 270) (size 0.508 1.27)
      (layers Back B.Paste B.Mask)
      (net 28 N-0000048)
    )
    (pad 10 smd rect (at 3.175 -4.572 270) (size 0.508 1.27)
      (layers Back B.Paste B.Mask)
      (net 38 N-000008)
    )
    (pad 11 smd rect (at 4.445 -4.572 270) (size 0.508 1.27)
      (layers Back B.Paste B.Mask)
      (net 2 GND)
    )
    (pad 12 smd rect (at 5.715 -4.572 270) (size 0.508 1.27)
      (layers Back B.Paste B.Mask)
      (net 32 N-0000052)
    )
    (pad 13 smd rect (at 6.985 -4.572 270) (size 0.508 1.27)
      (layers Back B.Paste B.Mask)
      (net 37 N-000007)
    )
    (pad 14 smd rect (at 8.255 -4.572 270) (size 0.508 1.27)
      (layers Back B.Paste B.Mask)
      (net 3 N-000001)
    )
    (pad 15 smd rect (at 8.255 4.572 270) (size 0.508 1.27)
      (layers Back B.Paste B.Mask)
      (net 1 +3.3V)
    )
    (pad 16 smd rect (at 6.985 4.572 270) (size 0.508 1.27)
      (layers Back B.Paste B.Mask)
      (net 4 N-0000010)
    )
    (pad 17 smd rect (at 5.715 4.572 270) (size 0.508 1.27)
      (layers Back B.Paste B.Mask)
      (net 5 N-0000011)
    )
    (pad 18 smd rect (at 4.445 4.572 270) (size 0.508 1.27)
      (layers Back B.Paste B.Mask)
      (net 2 GND)
    )
    (pad 19 smd rect (at 3.175 4.572 270) (size 0.508 1.27)
      (layers Back B.Paste B.Mask)
      (net 1 +3.3V)
    )
    (pad 20 smd rect (at 1.905 4.572 270) (size 0.508 1.27)
      (layers Back B.Paste B.Mask)
      (net 1 +3.3V)
    )
    (pad 21 smd rect (at 0.635 4.572 270) (size 0.508 1.27)
      (layers Back B.Paste B.Mask)
      (net 2 GND)
    )
    (pad 22 smd rect (at -0.635 4.572 270) (size 0.508 1.27)
      (layers Back B.Paste B.Mask)
      (net 2 GND)
    )
    (pad 23 smd rect (at -1.905 4.572 270) (size 0.508 1.27)
      (layers Back B.Paste B.Mask)
      (net 34 N-0000059)
    )
    (pad 24 smd rect (at -3.175 4.572 270) (size 0.508 1.27)
      (layers Back B.Paste B.Mask)
      (net 21 N-000004)
    )
    (pad 25 smd rect (at -4.445 4.572 270) (size 0.508 1.27)
      (layers Back B.Paste B.Mask)
      (net 1 +3.3V)
    )
    (pad 26 smd rect (at -5.715 4.572 270) (size 0.508 1.27)
      (layers Back B.Paste B.Mask)
      (net 17 N-0000036)
    )
    (pad 27 smd rect (at -6.985 4.572 270) (size 0.508 1.27)
      (layers Back B.Paste B.Mask)
      (net 11 N-000003)
    )
    (pad 28 smd rect (at -8.255 4.572 270) (size 0.508 1.27)
      (layers Back B.Paste B.Mask)
      (net 1 +3.3V)
    )
    (model smd/cms_soj28.wrl
      (at (xyz 0 0 0))
      (scale (xyz 0.5 0.55 0.5))
      (rotate (xyz 0 0 0))
    )
  )

  (module SM1206 (layer Front) (tedit 42806E24) (tstamp 53484724)
    (at 30.1625 60.6425)
    (path /5273CF01)
    (attr smd)
    (fp_text reference R16 (at 0 0) (layer F.SilkS)
      (effects (font (size 0.762 0.762) (thickness 0.127)))
    )
    (fp_text value 75 (at 0 0) (layer F.SilkS) hide
      (effects (font (size 0.762 0.762) (thickness 0.127)))
    )
    (fp_line (start -2.54 -1.143) (end -2.54 1.143) (layer F.SilkS) (width 0.127))
    (fp_line (start -2.54 1.143) (end -0.889 1.143) (layer F.SilkS) (width 0.127))
    (fp_line (start 0.889 -1.143) (end 2.54 -1.143) (layer F.SilkS) (width 0.127))
    (fp_line (start 2.54 -1.143) (end 2.54 1.143) (layer F.SilkS) (width 0.127))
    (fp_line (start 2.54 1.143) (end 0.889 1.143) (layer F.SilkS) (width 0.127))
    (fp_line (start -0.889 -1.143) (end -2.54 -1.143) (layer F.SilkS) (width 0.127))
    (pad 1 smd rect (at -1.651 0) (size 1.524 2.032)
      (layers Front F.Paste F.Mask)
      (net 18 N-0000037)
    )
    (pad 2 smd rect (at 1.651 0) (size 1.524 2.032)
      (layers Front F.Paste F.Mask)
      (net 31 N-0000050)
    )
    (model smd/chip_cms.wrl
      (at (xyz 0 0 0))
      (scale (xyz 0.17 0.16 0.16))
      (rotate (xyz 0 0 0))
    )
  )

  (module SM1206 (layer Front) (tedit 42806E24) (tstamp 53484730)
    (at 56.9595 85.6615)
    (path /53484708)
    (attr smd)
    (fp_text reference R18 (at 0 0) (layer F.SilkS)
      (effects (font (size 0.762 0.762) (thickness 0.127)))
    )
    (fp_text value 10K (at 0 0) (layer F.SilkS) hide
      (effects (font (size 0.762 0.762) (thickness 0.127)))
    )
    (fp_line (start -2.54 -1.143) (end -2.54 1.143) (layer F.SilkS) (width 0.127))
    (fp_line (start -2.54 1.143) (end -0.889 1.143) (layer F.SilkS) (width 0.127))
    (fp_line (start 0.889 -1.143) (end 2.54 -1.143) (layer F.SilkS) (width 0.127))
    (fp_line (start 2.54 -1.143) (end 2.54 1.143) (layer F.SilkS) (width 0.127))
    (fp_line (start 2.54 1.143) (end 0.889 1.143) (layer F.SilkS) (width 0.127))
    (fp_line (start -0.889 -1.143) (end -2.54 -1.143) (layer F.SilkS) (width 0.127))
    (pad 1 smd rect (at -1.651 0) (size 1.524 2.032)
      (layers Front F.Paste F.Mask)
      (net 1 +3.3V)
    )
    (pad 2 smd rect (at 1.651 0) (size 1.524 2.032)
      (layers Front F.Paste F.Mask)
      (net 28 N-0000048)
    )
    (model smd/chip_cms.wrl
      (at (xyz 0 0 0))
      (scale (xyz 0.17 0.16 0.16))
      (rotate (xyz 0 0 0))
    )
  )

  (module SM1206 (layer Back) (tedit 42806E24) (tstamp 5348578E)
    (at 207.899 77.9145)
    (path /52715FF8)
    (attr smd)
    (fp_text reference R8 (at 0 0) (layer B.SilkS)
      (effects (font (size 0.762 0.762) (thickness 0.127)) (justify mirror))
    )
    (fp_text value 50 (at 0 0) (layer B.SilkS) hide
      (effects (font (size 0.762 0.762) (thickness 0.127)) (justify mirror))
    )
    (fp_line (start -2.54 1.143) (end -2.54 -1.143) (layer B.SilkS) (width 0.127))
    (fp_line (start -2.54 -1.143) (end -0.889 -1.143) (layer B.SilkS) (width 0.127))
    (fp_line (start 0.889 1.143) (end 2.54 1.143) (layer B.SilkS) (width 0.127))
    (fp_line (start 2.54 1.143) (end 2.54 -1.143) (layer B.SilkS) (width 0.127))
    (fp_line (start 2.54 -1.143) (end 0.889 -1.143) (layer B.SilkS) (width 0.127))
    (fp_line (start -0.889 1.143) (end -2.54 1.143) (layer B.SilkS) (width 0.127))
    (pad 1 smd rect (at -1.651 0) (size 1.524 2.032)
      (layers Back B.Paste B.Mask)
      (net 35 N-000006)
    )
    (pad 2 smd rect (at 1.651 0) (size 1.524 2.032)
      (layers Back B.Paste B.Mask)
      (net 5 N-0000011)
    )
    (model smd/chip_cms.wrl
      (at (xyz 0 0 0))
      (scale (xyz 0.17 0.16 0.16))
      (rotate (xyz 0 0 0))
    )
  )

  (module SM1206 (layer Back) (tedit 42806E24) (tstamp 5348579B)
    (at 207.5815 73.279 90)
    (path /52715FF7)
    (attr smd)
    (fp_text reference R9 (at 0 0 90) (layer B.SilkS)
      (effects (font (size 0.762 0.762) (thickness 0.127)) (justify mirror))
    )
    (fp_text value 50 (at 0 0 90) (layer B.SilkS) hide
      (effects (font (size 0.762 0.762) (thickness 0.127)) (justify mirror))
    )
    (fp_line (start -2.54 1.143) (end -2.54 -1.143) (layer B.SilkS) (width 0.127))
    (fp_line (start -2.54 -1.143) (end -0.889 -1.143) (layer B.SilkS) (width 0.127))
    (fp_line (start 0.889 1.143) (end 2.54 1.143) (layer B.SilkS) (width 0.127))
    (fp_line (start 2.54 1.143) (end 2.54 -1.143) (layer B.SilkS) (width 0.127))
    (fp_line (start 2.54 -1.143) (end 0.889 -1.143) (layer B.SilkS) (width 0.127))
    (fp_line (start -0.889 1.143) (end -2.54 1.143) (layer B.SilkS) (width 0.127))
    (pad 1 smd rect (at -1.651 0 90) (size 1.524 2.032)
      (layers Back B.Paste B.Mask)
      (net 35 N-000006)
    )
    (pad 2 smd rect (at 1.651 0 90) (size 1.524 2.032)
      (layers Back B.Paste B.Mask)
      (net 4 N-0000010)
    )
    (model smd/chip_cms.wrl
      (at (xyz 0 0 0))
      (scale (xyz 0.17 0.16 0.16))
      (rotate (xyz 0 0 0))
    )
  )

  (module SM1206 (layer Back) (tedit 42806E24) (tstamp 53484754)
    (at 217.043 78.613)
    (path /52715FF6)
    (attr smd)
    (fp_text reference C3 (at 0 0) (layer B.SilkS)
      (effects (font (size 0.762 0.762) (thickness 0.127)) (justify mirror))
    )
    (fp_text value 10nF (at 0 0) (layer B.SilkS) hide
      (effects (font (size 0.762 0.762) (thickness 0.127)) (justify mirror))
    )
    (fp_line (start -2.54 1.143) (end -2.54 -1.143) (layer B.SilkS) (width 0.127))
    (fp_line (start -2.54 -1.143) (end -0.889 -1.143) (layer B.SilkS) (width 0.127))
    (fp_line (start 0.889 1.143) (end 2.54 1.143) (layer B.SilkS) (width 0.127))
    (fp_line (start 2.54 1.143) (end 2.54 -1.143) (layer B.SilkS) (width 0.127))
    (fp_line (start 2.54 -1.143) (end 0.889 -1.143) (layer B.SilkS) (width 0.127))
    (fp_line (start -0.889 1.143) (end -2.54 1.143) (layer B.SilkS) (width 0.127))
    (pad 1 smd rect (at -1.651 0) (size 1.524 2.032)
      (layers Back B.Paste B.Mask)
      (net 35 N-000006)
    )
    (pad 2 smd rect (at 1.651 0) (size 1.524 2.032)
      (layers Back B.Paste B.Mask)
      (net 2 GND)
    )
    (model smd/chip_cms.wrl
      (at (xyz 0 0 0))
      (scale (xyz 0.17 0.16 0.16))
      (rotate (xyz 0 0 0))
    )
  )

  (module SM1206 (layer Back) (tedit 42806E24) (tstamp 53484760)
    (at 215.2015 62.5475 90)
    (path /52715FC6)
    (attr smd)
    (fp_text reference C5 (at 0 0 90) (layer B.SilkS)
      (effects (font (size 0.762 0.762) (thickness 0.127)) (justify mirror))
    )
    (fp_text value 10nF (at 0 0 90) (layer B.SilkS) hide
      (effects (font (size 0.762 0.762) (thickness 0.127)) (justify mirror))
    )
    (fp_line (start -2.54 1.143) (end -2.54 -1.143) (layer B.SilkS) (width 0.127))
    (fp_line (start -2.54 -1.143) (end -0.889 -1.143) (layer B.SilkS) (width 0.127))
    (fp_line (start 0.889 1.143) (end 2.54 1.143) (layer B.SilkS) (width 0.127))
    (fp_line (start 2.54 1.143) (end 2.54 -1.143) (layer B.SilkS) (width 0.127))
    (fp_line (start 2.54 -1.143) (end 0.889 -1.143) (layer B.SilkS) (width 0.127))
    (fp_line (start -0.889 1.143) (end -2.54 1.143) (layer B.SilkS) (width 0.127))
    (pad 1 smd rect (at -1.651 0 90) (size 1.524 2.032)
      (layers Back B.Paste B.Mask)
      (net 6 N-0000012)
    )
    (pad 2 smd rect (at 1.651 0 90) (size 1.524 2.032)
      (layers Back B.Paste B.Mask)
      (net 2 GND)
    )
    (model smd/chip_cms.wrl
      (at (xyz 0 0 0))
      (scale (xyz 0.17 0.16 0.16))
      (rotate (xyz 0 0 0))
    )
  )

  (module SM1206 (layer Back) (tedit 42806E24) (tstamp 5348476C)
    (at 212.2805 62.5475 270)
    (path /52715FB4)
    (attr smd)
    (fp_text reference R11 (at 0 0 270) (layer B.SilkS)
      (effects (font (size 0.762 0.762) (thickness 0.127)) (justify mirror))
    )
    (fp_text value 50 (at 0 0 270) (layer B.SilkS) hide
      (effects (font (size 0.762 0.762) (thickness 0.127)) (justify mirror))
    )
    (fp_line (start -2.54 1.143) (end -2.54 -1.143) (layer B.SilkS) (width 0.127))
    (fp_line (start -2.54 -1.143) (end -0.889 -1.143) (layer B.SilkS) (width 0.127))
    (fp_line (start 0.889 1.143) (end 2.54 1.143) (layer B.SilkS) (width 0.127))
    (fp_line (start 2.54 1.143) (end 2.54 -1.143) (layer B.SilkS) (width 0.127))
    (fp_line (start 2.54 -1.143) (end 0.889 -1.143) (layer B.SilkS) (width 0.127))
    (fp_line (start -0.889 1.143) (end -2.54 1.143) (layer B.SilkS) (width 0.127))
    (pad 1 smd rect (at -1.651 0 270) (size 1.524 2.032)
      (layers Back B.Paste B.Mask)
      (net 6 N-0000012)
    )
    (pad 2 smd rect (at 1.651 0 270) (size 1.524 2.032)
      (layers Back B.Paste B.Mask)
      (net 32 N-0000052)
    )
    (model smd/chip_cms.wrl
      (at (xyz 0 0 0))
      (scale (xyz 0.17 0.16 0.16))
      (rotate (xyz 0 0 0))
    )
  )

  (module SM1206 (layer Back) (tedit 42806E24) (tstamp 53485BC3)
    (at 218.059 62.484 270)
    (path /52715FB1)
    (attr smd)
    (fp_text reference R10 (at 0 0 270) (layer B.SilkS)
      (effects (font (size 0.762 0.762) (thickness 0.127)) (justify mirror))
    )
    (fp_text value 50 (at 0 0 270) (layer B.SilkS) hide
      (effects (font (size 0.762 0.762) (thickness 0.127)) (justify mirror))
    )
    (fp_line (start -2.54 1.143) (end -2.54 -1.143) (layer B.SilkS) (width 0.127))
    (fp_line (start -2.54 -1.143) (end -0.889 -1.143) (layer B.SilkS) (width 0.127))
    (fp_line (start 0.889 1.143) (end 2.54 1.143) (layer B.SilkS) (width 0.127))
    (fp_line (start 2.54 1.143) (end 2.54 -1.143) (layer B.SilkS) (width 0.127))
    (fp_line (start 2.54 -1.143) (end 0.889 -1.143) (layer B.SilkS) (width 0.127))
    (fp_line (start -0.889 1.143) (end -2.54 1.143) (layer B.SilkS) (width 0.127))
    (pad 1 smd rect (at -1.651 0 270) (size 1.524 2.032)
      (layers Back B.Paste B.Mask)
      (net 6 N-0000012)
    )
    (pad 2 smd rect (at 1.651 0 270) (size 1.524 2.032)
      (layers Back B.Paste B.Mask)
      (net 37 N-000007)
    )
    (model smd/chip_cms.wrl
      (at (xyz 0 0 0))
      (scale (xyz 0.17 0.16 0.16))
      (rotate (xyz 0 0 0))
    )
  )

  (module SM1206 (layer Front) (tedit 42806E24) (tstamp 53484784)
    (at 25.2095 68.7705)
    (path /52715F1D)
    (attr smd)
    (fp_text reference C7 (at 0 0) (layer F.SilkS)
      (effects (font (size 0.762 0.762) (thickness 0.127)))
    )
    (fp_text value 16p (at 0 0) (layer F.SilkS) hide
      (effects (font (size 0.762 0.762) (thickness 0.127)))
    )
    (fp_line (start -2.54 -1.143) (end -2.54 1.143) (layer F.SilkS) (width 0.127))
    (fp_line (start -2.54 1.143) (end -0.889 1.143) (layer F.SilkS) (width 0.127))
    (fp_line (start 0.889 -1.143) (end 2.54 -1.143) (layer F.SilkS) (width 0.127))
    (fp_line (start 2.54 -1.143) (end 2.54 1.143) (layer F.SilkS) (width 0.127))
    (fp_line (start 2.54 1.143) (end 0.889 1.143) (layer F.SilkS) (width 0.127))
    (fp_line (start -0.889 -1.143) (end -2.54 -1.143) (layer F.SilkS) (width 0.127))
    (pad 1 smd rect (at -1.651 0) (size 1.524 2.032)
      (layers Front F.Paste F.Mask)
      (net 2 GND)
    )
    (pad 2 smd rect (at 1.651 0) (size 1.524 2.032)
      (layers Front F.Paste F.Mask)
      (net 21 N-000004)
    )
    (model smd/chip_cms.wrl
      (at (xyz 0 0 0))
      (scale (xyz 0.17 0.16 0.16))
      (rotate (xyz 0 0 0))
    )
  )

  (module SM1206 (layer Front) (tedit 42806E24) (tstamp 53484790)
    (at 28.448 86.487)
    (path /52715F13)
    (attr smd)
    (fp_text reference C6 (at 0 0) (layer F.SilkS)
      (effects (font (size 0.762 0.762) (thickness 0.127)))
    )
    (fp_text value 16p (at 0 0) (layer F.SilkS) hide
      (effects (font (size 0.762 0.762) (thickness 0.127)))
    )
    (fp_line (start -2.54 -1.143) (end -2.54 1.143) (layer F.SilkS) (width 0.127))
    (fp_line (start -2.54 1.143) (end -0.889 1.143) (layer F.SilkS) (width 0.127))
    (fp_line (start 0.889 -1.143) (end 2.54 -1.143) (layer F.SilkS) (width 0.127))
    (fp_line (start 2.54 -1.143) (end 2.54 1.143) (layer F.SilkS) (width 0.127))
    (fp_line (start 2.54 1.143) (end 0.889 1.143) (layer F.SilkS) (width 0.127))
    (fp_line (start -0.889 -1.143) (end -2.54 -1.143) (layer F.SilkS) (width 0.127))
    (pad 1 smd rect (at -1.651 0) (size 1.524 2.032)
      (layers Front F.Paste F.Mask)
      (net 2 GND)
    )
    (pad 2 smd rect (at 1.651 0) (size 1.524 2.032)
      (layers Front F.Paste F.Mask)
      (net 34 N-0000059)
    )
    (model smd/chip_cms.wrl
      (at (xyz 0 0 0))
      (scale (xyz 0.17 0.16 0.16))
      (rotate (xyz 0 0 0))
    )
  )

  (module SM1206 (layer Front) (tedit 42806E24) (tstamp 5348479C)
    (at 141.732 57.404)
    (path /52715EB0)
    (attr smd)
    (fp_text reference R7 (at 0 0) (layer F.SilkS)
      (effects (font (size 0.762 0.762) (thickness 0.127)))
    )
    (fp_text value 10K (at 0 0) (layer F.SilkS) hide
      (effects (font (size 0.762 0.762) (thickness 0.127)))
    )
    (fp_line (start -2.54 -1.143) (end -2.54 1.143) (layer F.SilkS) (width 0.127))
    (fp_line (start -2.54 1.143) (end -0.889 1.143) (layer F.SilkS) (width 0.127))
    (fp_line (start 0.889 -1.143) (end 2.54 -1.143) (layer F.SilkS) (width 0.127))
    (fp_line (start 2.54 -1.143) (end 2.54 1.143) (layer F.SilkS) (width 0.127))
    (fp_line (start 2.54 1.143) (end 0.889 1.143) (layer F.SilkS) (width 0.127))
    (fp_line (start -0.889 -1.143) (end -2.54 -1.143) (layer F.SilkS) (width 0.127))
    (pad 1 smd rect (at -1.651 0) (size 1.524 2.032)
      (layers Front F.Paste F.Mask)
      (net 1 +3.3V)
    )
    (pad 2 smd rect (at 1.651 0) (size 1.524 2.032)
      (layers Front F.Paste F.Mask)
      (net 38 N-000008)
    )
    (model smd/chip_cms.wrl
      (at (xyz 0 0 0))
      (scale (xyz 0.17 0.16 0.16))
      (rotate (xyz 0 0 0))
    )
  )

  (module SM1206 (layer Front) (tedit 42806E24) (tstamp 534847A8)
    (at 57.9755 65.659)
    (path /52715E78)
    (attr smd)
    (fp_text reference R12 (at 0 0) (layer F.SilkS)
      (effects (font (size 0.762 0.762) (thickness 0.127)))
    )
    (fp_text value "2K 1%" (at 0 0) (layer F.SilkS) hide
      (effects (font (size 0.762 0.762) (thickness 0.127)))
    )
    (fp_line (start -2.54 -1.143) (end -2.54 1.143) (layer F.SilkS) (width 0.127))
    (fp_line (start -2.54 1.143) (end -0.889 1.143) (layer F.SilkS) (width 0.127))
    (fp_line (start 0.889 -1.143) (end 2.54 -1.143) (layer F.SilkS) (width 0.127))
    (fp_line (start 2.54 -1.143) (end 2.54 1.143) (layer F.SilkS) (width 0.127))
    (fp_line (start 2.54 1.143) (end 0.889 1.143) (layer F.SilkS) (width 0.127))
    (fp_line (start -0.889 -1.143) (end -2.54 -1.143) (layer F.SilkS) (width 0.127))
    (pad 1 smd rect (at -1.651 0) (size 1.524 2.032)
      (layers Front F.Paste F.Mask)
      (net 2 GND)
    )
    (pad 2 smd rect (at 1.651 0) (size 1.524 2.032)
      (layers Front F.Paste F.Mask)
      (net 3 N-000001)
    )
    (model smd/chip_cms.wrl
      (at (xyz 0 0 0))
      (scale (xyz 0.17 0.16 0.16))
      (rotate (xyz 0 0 0))
    )
  )

  (module SM1206 (layer Front) (tedit 42806E24) (tstamp 534847B4)
    (at 212.217 33.147 90)
    (path /53485859)
    (attr smd)
    (fp_text reference R4 (at 0 0 90) (layer F.SilkS)
      (effects (font (size 0.762 0.762) (thickness 0.127)))
    )
    (fp_text value 50 (at 0 0 90) (layer F.SilkS) hide
      (effects (font (size 0.762 0.762) (thickness 0.127)))
    )
    (fp_line (start -2.54 -1.143) (end -2.54 1.143) (layer F.SilkS) (width 0.127))
    (fp_line (start -2.54 1.143) (end -0.889 1.143) (layer F.SilkS) (width 0.127))
    (fp_line (start 0.889 -1.143) (end 2.54 -1.143) (layer F.SilkS) (width 0.127))
    (fp_line (start 2.54 -1.143) (end 2.54 1.143) (layer F.SilkS) (width 0.127))
    (fp_line (start 2.54 1.143) (end 0.889 1.143) (layer F.SilkS) (width 0.127))
    (fp_line (start -0.889 -1.143) (end -2.54 -1.143) (layer F.SilkS) (width 0.127))
    (pad 1 smd rect (at -1.651 0 90) (size 1.524 2.032)
      (layers Front F.Paste F.Mask)
      (net 26 N-0000046)
    )
    (pad 2 smd rect (at 1.651 0 90) (size 1.524 2.032)
      (layers Front F.Paste F.Mask)
      (net 9 N-0000027)
    )
    (model smd/chip_cms.wrl
      (at (xyz 0 0 0))
      (scale (xyz 0.17 0.16 0.16))
      (rotate (xyz 0 0 0))
    )
  )

  (module SM1206 (layer Front) (tedit 42806E24) (tstamp 534847C0)
    (at 204.978 28.702 90)
    (path /53485868)
    (attr smd)
    (fp_text reference R17 (at 0 0 90) (layer F.SilkS)
      (effects (font (size 0.762 0.762) (thickness 0.127)))
    )
    (fp_text value 50 (at 0 0 90) (layer F.SilkS) hide
      (effects (font (size 0.762 0.762) (thickness 0.127)))
    )
    (fp_line (start -2.54 -1.143) (end -2.54 1.143) (layer F.SilkS) (width 0.127))
    (fp_line (start -2.54 1.143) (end -0.889 1.143) (layer F.SilkS) (width 0.127))
    (fp_line (start 0.889 -1.143) (end 2.54 -1.143) (layer F.SilkS) (width 0.127))
    (fp_line (start 2.54 -1.143) (end 2.54 1.143) (layer F.SilkS) (width 0.127))
    (fp_line (start 2.54 1.143) (end 0.889 1.143) (layer F.SilkS) (width 0.127))
    (fp_line (start -0.889 -1.143) (end -2.54 -1.143) (layer F.SilkS) (width 0.127))
    (pad 1 smd rect (at -1.651 0 90) (size 1.524 2.032)
      (layers Front F.Paste F.Mask)
      (net 25 N-0000045)
    )
    (pad 2 smd rect (at 1.651 0 90) (size 1.524 2.032)
      (layers Front F.Paste F.Mask)
      (net 10 N-0000028)
    )
    (model smd/chip_cms.wrl
      (at (xyz 0 0 0))
      (scale (xyz 0.17 0.16 0.16))
      (rotate (xyz 0 0 0))
    )
  )

  (module SM1206 (layer Back) (tedit 42806E24) (tstamp 534847CC)
    (at 218.567 57.15 180)
    (path /5273FCD9)
    (attr smd)
    (fp_text reference C1 (at 0 0 180) (layer B.SilkS)
      (effects (font (size 0.762 0.762) (thickness 0.127)) (justify mirror))
    )
    (fp_text value 0.33uF (at 0 0 180) (layer B.SilkS) hide
      (effects (font (size 0.762 0.762) (thickness 0.127)) (justify mirror))
    )
    (fp_line (start -2.54 1.143) (end -2.54 -1.143) (layer B.SilkS) (width 0.127))
    (fp_line (start -2.54 -1.143) (end -0.889 -1.143) (layer B.SilkS) (width 0.127))
    (fp_line (start 0.889 1.143) (end 2.54 1.143) (layer B.SilkS) (width 0.127))
    (fp_line (start 2.54 1.143) (end 2.54 -1.143) (layer B.SilkS) (width 0.127))
    (fp_line (start 2.54 -1.143) (end 0.889 -1.143) (layer B.SilkS) (width 0.127))
    (fp_line (start -0.889 1.143) (end -2.54 1.143) (layer B.SilkS) (width 0.127))
    (pad 1 smd rect (at -1.651 0 180) (size 1.524 2.032)
      (layers Back B.Paste B.Mask)
      (net 8 N-000002)
    )
    (pad 2 smd rect (at 1.651 0 180) (size 1.524 2.032)
      (layers Back B.Paste B.Mask)
      (net 2 GND)
    )
    (model smd/chip_cms.wrl
      (at (xyz 0 0 0))
      (scale (xyz 0.17 0.16 0.16))
      (rotate (xyz 0 0 0))
    )
  )

  (module SM1206 (layer Front) (tedit 42806E24) (tstamp 534847D8)
    (at 55.8165 117.7925)
    (path /52755EA7)
    (attr smd)
    (fp_text reference C10 (at 0 0) (layer F.SilkS)
      (effects (font (size 0.762 0.762) (thickness 0.127)))
    )
    (fp_text value 100nF (at 0 0) (layer F.SilkS) hide
      (effects (font (size 0.762 0.762) (thickness 0.127)))
    )
    (fp_line (start -2.54 -1.143) (end -2.54 1.143) (layer F.SilkS) (width 0.127))
    (fp_line (start -2.54 1.143) (end -0.889 1.143) (layer F.SilkS) (width 0.127))
    (fp_line (start 0.889 -1.143) (end 2.54 -1.143) (layer F.SilkS) (width 0.127))
    (fp_line (start 2.54 -1.143) (end 2.54 1.143) (layer F.SilkS) (width 0.127))
    (fp_line (start 2.54 1.143) (end 0.889 1.143) (layer F.SilkS) (width 0.127))
    (fp_line (start -0.889 -1.143) (end -2.54 -1.143) (layer F.SilkS) (width 0.127))
    (pad 1 smd rect (at -1.651 0) (size 1.524 2.032)
      (layers Front F.Paste F.Mask)
      (net 1 +3.3V)
    )
    (pad 2 smd rect (at 1.651 0) (size 1.524 2.032)
      (layers Front F.Paste F.Mask)
      (net 2 GND)
    )
    (model smd/chip_cms.wrl
      (at (xyz 0 0 0))
      (scale (xyz 0.17 0.16 0.16))
      (rotate (xyz 0 0 0))
    )
  )

  (module SM1206 (layer Front) (tedit 42806E24) (tstamp 534847E4)
    (at 186.944 75.2475 90)
    (path /52755E1D)
    (attr smd)
    (fp_text reference C9 (at 0 0 90) (layer F.SilkS)
      (effects (font (size 0.762 0.762) (thickness 0.127)))
    )
    (fp_text value 100nF (at 0 0 90) (layer F.SilkS) hide
      (effects (font (size 0.762 0.762) (thickness 0.127)))
    )
    (fp_line (start -2.54 -1.143) (end -2.54 1.143) (layer F.SilkS) (width 0.127))
    (fp_line (start -2.54 1.143) (end -0.889 1.143) (layer F.SilkS) (width 0.127))
    (fp_line (start 0.889 -1.143) (end 2.54 -1.143) (layer F.SilkS) (width 0.127))
    (fp_line (start 2.54 -1.143) (end 2.54 1.143) (layer F.SilkS) (width 0.127))
    (fp_line (start 2.54 1.143) (end 0.889 1.143) (layer F.SilkS) (width 0.127))
    (fp_line (start -0.889 -1.143) (end -2.54 -1.143) (layer F.SilkS) (width 0.127))
    (pad 1 smd rect (at -1.651 0 90) (size 1.524 2.032)
      (layers Front F.Paste F.Mask)
      (net 1 +3.3V)
    )
    (pad 2 smd rect (at 1.651 0 90) (size 1.524 2.032)
      (layers Front F.Paste F.Mask)
      (net 2 GND)
    )
    (model smd/chip_cms.wrl
      (at (xyz 0 0 0))
      (scale (xyz 0.17 0.16 0.16))
      (rotate (xyz 0 0 0))
    )
  )

  (module SM1206 (layer Front) (tedit 42806E24) (tstamp 534847F0)
    (at 97.0915 66.9925)
    (path /52751D03)
    (attr smd)
    (fp_text reference C4 (at 0 0) (layer F.SilkS)
      (effects (font (size 0.762 0.762) (thickness 0.127)))
    )
    (fp_text value 10uF (at 0 0) (layer F.SilkS) hide
      (effects (font (size 0.762 0.762) (thickness 0.127)))
    )
    (fp_line (start -2.54 -1.143) (end -2.54 1.143) (layer F.SilkS) (width 0.127))
    (fp_line (start -2.54 1.143) (end -0.889 1.143) (layer F.SilkS) (width 0.127))
    (fp_line (start 0.889 -1.143) (end 2.54 -1.143) (layer F.SilkS) (width 0.127))
    (fp_line (start 2.54 -1.143) (end 2.54 1.143) (layer F.SilkS) (width 0.127))
    (fp_line (start 2.54 1.143) (end 0.889 1.143) (layer F.SilkS) (width 0.127))
    (fp_line (start -0.889 -1.143) (end -2.54 -1.143) (layer F.SilkS) (width 0.127))
    (pad 1 smd rect (at -1.651 0) (size 1.524 2.032)
      (layers Front F.Paste F.Mask)
      (net 2 GND)
    )
    (pad 2 smd rect (at 1.651 0) (size 1.524 2.032)
      (layers Front F.Paste F.Mask)
      (net 39 N-000009)
    )
    (model smd/chip_cms.wrl
      (at (xyz 0 0 0))
      (scale (xyz 0.17 0.16 0.16))
      (rotate (xyz 0 0 0))
    )
  )

  (module SM1206 (layer Front) (tedit 42806E24) (tstamp 534847FC)
    (at 193.294 45.593 180)
    (path /5274C4B6)
    (attr smd)
    (fp_text reference R3 (at 0 0 180) (layer F.SilkS)
      (effects (font (size 0.762 0.762) (thickness 0.127)))
    )
    (fp_text value 10K (at 0 0 180) (layer F.SilkS) hide
      (effects (font (size 0.762 0.762) (thickness 0.127)))
    )
    (fp_line (start -2.54 -1.143) (end -2.54 1.143) (layer F.SilkS) (width 0.127))
    (fp_line (start -2.54 1.143) (end -0.889 1.143) (layer F.SilkS) (width 0.127))
    (fp_line (start 0.889 -1.143) (end 2.54 -1.143) (layer F.SilkS) (width 0.127))
    (fp_line (start 2.54 -1.143) (end 2.54 1.143) (layer F.SilkS) (width 0.127))
    (fp_line (start 2.54 1.143) (end 0.889 1.143) (layer F.SilkS) (width 0.127))
    (fp_line (start -0.889 -1.143) (end -2.54 -1.143) (layer F.SilkS) (width 0.127))
    (pad 1 smd rect (at -1.651 0 180) (size 1.524 2.032)
      (layers Front F.Paste F.Mask)
      (net 33 N-0000053)
    )
    (pad 2 smd rect (at 1.651 0 180) (size 1.524 2.032)
      (layers Front F.Paste F.Mask)
      (net 1 +3.3V)
    )
    (model smd/chip_cms.wrl
      (at (xyz 0 0 0))
      (scale (xyz 0.17 0.16 0.16))
      (rotate (xyz 0 0 0))
    )
  )

  (module SM1206 (layer Back) (tedit 42806E24) (tstamp 53485CE7)
    (at 213.106 57.15)
    (path /5273FCDE)
    (attr smd)
    (fp_text reference C2 (at 0 0) (layer B.SilkS)
      (effects (font (size 0.762 0.762) (thickness 0.127)) (justify mirror))
    )
    (fp_text value 10uF (at 0 0) (layer B.SilkS) hide
